0 0.5179685 0.7234375 0.28906299999999996 0.171875
0 0.20234399999999997 0.7203125 0.28593799999999997 0.15937500000000004
0 0.20937450000000002 0.55625 0.278125 0.15937600000000002
0 0.22031250000000002 0.38749999999999996 0.278125 0.14375
0 0.22578149999999997 0.2492185 0.27031299999999997 0.135937
0 0.23515600000000003 0.1109375 0.26718800000000004 0.146875
0 0.505469 0.5578125 0.28906200000000004 0.153125
0 0.5109375 0.890625 0.29687500000000006 0.165624
0 0.5109375 0.3960935 0.27500099999999994 0.15468700000000002
0 0.5179684999999999 0.25312500000000004 0.27031299999999997 0.1375
0 0.5218754999999999 0.11328099999999999 0.259375 0.129688
0 0.821875 0.7398435000000001 0.3125 0.151563
0 0.8140625 0.5773435 0.28437500000000004 0.16093699999999994
0 0.8117185 0.4250005 0.276563 0.140625
0 0.81875 0.123438 0.26875000000000004 0.1375
0 0.821094 0.2804685 0.270312 0.14218699999999998